Namespace(batch_size=64, binary_th=0.0, checkpoint_path='', dataset_path='/home/ashutosh/scripts/experiment-deepdta/data/kiba/', is_log=0, learning_rate=0.001, log_dir='logs/1640323507.0316772/', max_seq_len=1000, max_smi_len=100, num_classes=0, num_epoch=100, num_hidden=0, num_windows=[32], problem_type=1, seq_window_lengths=[8, 12], smi_window_lengths=[4, 8])
---Parameter Search-----
P1 = 0,  P2 = 0, P3 = 0, Fold = 0, CI-i = 0.838626, CI-ii = 0.838907, MSE = 0.232160
P1 = 0,  P2 = 0, P3 = 0, Fold = 0, CI-i = 0.826263, CI-ii = 0.826211, MSE = 0.250506
P1 = 0,  P2 = 0, P3 = 0, Fold = 0, CI-i = 0.808161, CI-ii = 0.807277, MSE = 0.281665
P1 = 0,  P2 = 0, P3 = 0, Fold = 0, CI-i = 0.837487, CI-ii = 0.836316, MSE = 0.239699
P1 = 0,  P2 = 0, P3 = 0, Fold = 0, CI-i = 0.823522, CI-ii = 0.822500, MSE = 0.247237
